{
 "cells": [
  {
   "cell_type": "code",
   "execution_count": 1,
   "id": "41842ae1",
   "metadata": {},
   "outputs": [],
   "source": [
    "#importing numpy and linalg module from scipy for calculation of matrix propaties\n",
    "import numpy as np\n",
    "from scipy import linalg\n",
    "import pandas as pd"
   ]
  },
  {
   "cell_type": "code",
   "execution_count": 2,
   "id": "93f573a0",
   "metadata": {},
   "outputs": [],
   "source": [
    "def eigenvaluevectorsort(eigenvalues,eigenvectors):\n",
    "    idx = eigenvalues.argsort()\n",
    "    eigenvalues=eigenvalues[idx]\n",
    "    eigenvectors=eigenvectors[:,idx]\n",
    "    return eigenvalues,eigenvectors"
   ]
  },
  {
   "cell_type": "code",
   "execution_count": 3,
   "id": "472d5879",
   "metadata": {},
   "outputs": [
    {
     "name": "stdout",
     "output_type": "stream",
     "text": [
      "8.00236706181045\n"
     ]
    }
   ],
   "source": [
    "E_nuc = np.loadtxt(\"enuc.txt\")\n",
    "print(E_nuc)"
   ]
  },
  {
   "cell_type": "code",
   "execution_count": 4,
   "id": "63e6795a",
   "metadata": {},
   "outputs": [],
   "source": [
    "#loading the input file for overlap(s), kinetic energy(t),and nuclear-electron(v) integrals\n",
    "s = np.loadtxt(\"s.txt\")\n",
    "t = np.loadtxt(\"t.txt\")\n",
    "v = np.loadtxt(\"v.txt\")"
   ]
  },
  {
   "cell_type": "code",
   "execution_count": 5,
   "id": "4f7aabdf",
   "metadata": {},
   "outputs": [],
   "source": [
    "#creating some null matrix useful for later calculation\n",
    "s_matrix = np.zeros(shape=(7,7))\n",
    "t_matrix = np.zeros(shape=(7,7))\n",
    "v_matrix = np.zeros(shape=(7,7))\n",
    "H = np.zeros(shape=(7,7))"
   ]
  },
  {
   "cell_type": "code",
   "execution_count": 6,
   "id": "6aa97845",
   "metadata": {},
   "outputs": [
    {
     "name": "stdout",
     "output_type": "stream",
     "text": [
      "28\n"
     ]
    }
   ],
   "source": [
    "su = len(s[:,0])\n",
    "print(su)"
   ]
  },
  {
   "cell_type": "code",
   "execution_count": 7,
   "id": "60150111",
   "metadata": {},
   "outputs": [
    {
     "name": "stdout",
     "output_type": "stream",
     "text": [
      "Overlap Matrix \n",
      " [[ 1.          0.23670394  0.          0.          0.          0.0384056\n",
      "   0.0384056 ]\n",
      " [ 0.23670394  1.          0.          0.          0.          0.38613884\n",
      "   0.38613884]\n",
      " [ 0.          0.          1.          0.          0.          0.26843824\n",
      "  -0.26843824]\n",
      " [ 0.          0.          0.          1.          0.          0.20972694\n",
      "   0.20972694]\n",
      " [ 0.          0.          0.          0.          1.          0.\n",
      "   0.        ]\n",
      " [ 0.0384056   0.38613884  0.26843824  0.20972694  0.          1.\n",
      "   0.18175989]\n",
      " [ 0.0384056   0.38613884 -0.26843824  0.20972694  0.          0.18175989\n",
      "   1.        ]]\n"
     ]
    }
   ],
   "source": [
    "for a in range(su):\n",
    "    i = int(s[a][0])\n",
    "    j = int(s[a][1])\n",
    "    s_matrix[i-1][j-1]=s[a][2]\n",
    "\n",
    "S = s_matrix + s_matrix.transpose() - np.diag(np.diag(s_matrix))\n",
    "print(\"Overlap Matrix \\n\",S)   #S is full overlap matrix"
   ]
  },
  {
   "cell_type": "code",
   "execution_count": 8,
   "id": "3e106d00",
   "metadata": {},
   "outputs": [
    {
     "name": "stdout",
     "output_type": "stream",
     "text": [
      "Kinetic Energy Matrix \n",
      " [[ 2.90031999e+01 -1.68010939e-01  0.00000000e+00  0.00000000e+00\n",
      "   0.00000000e+00 -8.41638354e-03 -8.41638354e-03]\n",
      " [-1.68010939e-01  8.08127955e-01  0.00000000e+00  0.00000000e+00\n",
      "   0.00000000e+00  7.05173728e-02  7.05173728e-02]\n",
      " [ 0.00000000e+00  0.00000000e+00  2.52873120e+00  0.00000000e+00\n",
      "   0.00000000e+00  1.47090913e-01 -1.47090913e-01]\n",
      " [ 0.00000000e+00  0.00000000e+00  0.00000000e+00  2.52873120e+00\n",
      "   0.00000000e+00  1.14920016e-01  1.14920016e-01]\n",
      " [ 0.00000000e+00  0.00000000e+00  0.00000000e+00  0.00000000e+00\n",
      "   2.52873120e+00  0.00000000e+00  0.00000000e+00]\n",
      " [-8.41638354e-03  7.05173728e-02  1.47090913e-01  1.14920016e-01\n",
      "   0.00000000e+00  7.60031884e-01 -3.97986862e-03]\n",
      " [-8.41638354e-03  7.05173728e-02 -1.47090913e-01  1.14920016e-01\n",
      "   0.00000000e+00 -3.97986862e-03  7.60031884e-01]]\n"
     ]
    }
   ],
   "source": [
    "for a in range(su):\n",
    "    i = int(t[a][0])\n",
    "    j = int(t[a][1])\n",
    "    t_matrix[i-1][j-1]=t[a][2]\n",
    "T = t_matrix + t_matrix.transpose() - np.diag(np.diag(t_matrix))\n",
    "print(\"Kinetic Energy Matrix \\n\",T)  #T is the full kinetic energy matrix"
   ]
  },
  {
   "cell_type": "code",
   "execution_count": 9,
   "id": "9c348c18",
   "metadata": {},
   "outputs": [
    {
     "name": "stdout",
     "output_type": "stream",
     "text": [
      "Nuclear-Electron Attraction Matrix \n",
      " [[-6.15805954e+01 -7.41082188e+00  0.00000000e+00 -1.44738359e-02\n",
      "   0.00000000e+00 -1.23168587e+00 -1.23168587e+00]\n",
      " [-7.41082188e+00 -1.00090712e+01  0.00000000e+00 -1.76890247e-01\n",
      "   0.00000000e+00 -2.97722720e+00 -2.97722720e+00]\n",
      " [ 0.00000000e+00  0.00000000e+00 -9.98755051e+00  0.00000000e+00\n",
      "   0.00000000e+00 -1.82224106e+00  1.82224106e+00]\n",
      " [-1.44738359e-02 -1.76890247e-01  0.00000000e+00 -9.94404295e+00\n",
      "   0.00000000e+00 -1.47178827e+00 -1.47178827e+00]\n",
      " [ 0.00000000e+00  0.00000000e+00  0.00000000e+00  0.00000000e+00\n",
      "  -9.87587607e+00  0.00000000e+00  1.00000000e-15]\n",
      " [-1.23168587e+00 -2.97722720e+00 -1.82224106e+00 -1.47178827e+00\n",
      "   0.00000000e+00 -5.30020295e+00 -1.06716601e+00]\n",
      " [-1.23168587e+00 -2.97722720e+00  1.82224106e+00 -1.47178827e+00\n",
      "   1.00000000e-15 -1.06716601e+00 -5.30020295e+00]]\n"
     ]
    }
   ],
   "source": [
    "for a in range(su):\n",
    "    i = int(v[a][0])\n",
    "    j = int(v[a][1])\n",
    "    v_matrix[i-1][j-1]=v[a][2]\n",
    "V = v_matrix + v_matrix.transpose() - np.diag(np.diag(v_matrix))\n",
    "print(\"Nuclear-Electron Attraction Matrix \\n\",V) #V is the full nuclear-electron attraction matrix"
   ]
  },
  {
   "cell_type": "code",
   "execution_count": 10,
   "id": "4ce00b0c",
   "metadata": {},
   "outputs": [
    {
     "name": "stdout",
     "output_type": "stream",
     "text": [
      " Core Hamiltonian \n",
      " [[-3.25773954e+01 -7.57883282e+00  0.00000000e+00 -1.44738359e-02\n",
      "   0.00000000e+00 -1.24010226e+00 -1.24010226e+00]\n",
      " [-7.57883282e+00 -9.20094327e+00  0.00000000e+00 -1.76890247e-01\n",
      "   0.00000000e+00 -2.90670983e+00 -2.90670983e+00]\n",
      " [ 0.00000000e+00  0.00000000e+00 -7.45881931e+00  0.00000000e+00\n",
      "   0.00000000e+00 -1.67515014e+00  1.67515014e+00]\n",
      " [-1.44738359e-02 -1.76890247e-01  0.00000000e+00 -7.41531175e+00\n",
      "   0.00000000e+00 -1.35686826e+00 -1.35686826e+00]\n",
      " [ 0.00000000e+00  0.00000000e+00  0.00000000e+00  0.00000000e+00\n",
      "  -7.34714487e+00  0.00000000e+00  1.00000000e-15]\n",
      " [-1.24010226e+00 -2.90670983e+00 -1.67515014e+00 -1.35686826e+00\n",
      "   0.00000000e+00 -4.54017107e+00 -1.07114588e+00]\n",
      " [-1.24010226e+00 -2.90670983e+00  1.67515014e+00 -1.35686826e+00\n",
      "   1.00000000e-15 -1.07114588e+00 -4.54017107e+00]]\n"
     ]
    }
   ],
   "source": [
    "#constructing Core Hamiltonian\n",
    "H_core = T + V\n",
    "print(\" Core Hamiltonian \\n\",H_core)"
   ]
  },
  {
   "cell_type": "code",
   "execution_count": 11,
   "id": "de769953",
   "metadata": {},
   "outputs": [],
   "source": [
    "#loading two electron replusion input file\n",
    "eri = np.genfromtxt(\"eri.txt\")"
   ]
  },
  {
   "cell_type": "code",
   "execution_count": 12,
   "id": "4e0f06b4",
   "metadata": {},
   "outputs": [
    {
     "name": "stdout",
     "output_type": "stream",
     "text": [
      "228\n"
     ]
    }
   ],
   "source": [
    "d_su = len(eri[:,0])\n",
    "print(d_su)"
   ]
  },
  {
   "cell_type": "code",
   "execution_count": 13,
   "id": "a4bbbeb6",
   "metadata": {},
   "outputs": [],
   "source": [
    "eri_matrix = np.zeros(shape=(7,7,7,7))\n",
    "twoE = np.zeros(shape=(7,7,7,7))"
   ]
  },
  {
   "cell_type": "code",
   "execution_count": 14,
   "id": "9ae56bb0",
   "metadata": {},
   "outputs": [
    {
     "name": "stdout",
     "output_type": "stream",
     "text": [
      "Two-Electron Integrals \n",
      " [[[[ 4.78506540e+00  7.41380352e-01  0.00000000e+00 ...  0.00000000e+00\n",
      "     1.21785349e-01  1.21785349e-01]\n",
      "   [ 7.41380352e-01  1.11894687e+00  0.00000000e+00 ...  0.00000000e+00\n",
      "     3.13334133e-01  3.13334133e-01]\n",
      "   [ 0.00000000e+00  0.00000000e+00  1.11581381e+00 ...  0.00000000e+00\n",
      "     1.83538575e-01 -1.83538575e-01]\n",
      "   ...\n",
      "   [ 0.00000000e+00  0.00000000e+00  0.00000000e+00 ...  1.11581381e+00\n",
      "     0.00000000e+00  0.00000000e+00]\n",
      "   [ 1.21785349e-01  3.13334133e-01  1.83538575e-01 ...  0.00000000e+00\n",
      "     4.70723326e-01  1.05864444e-01]\n",
      "   [ 1.21785349e-01  3.13334133e-01 -1.83538575e-01 ...  0.00000000e+00\n",
      "     1.05864444e-01  4.70723326e-01]]\n",
      "\n",
      "  [[ 7.41380352e-01  1.36873385e-01  0.00000000e+00 ...  0.00000000e+00\n",
      "     2.23092361e-02  2.23092361e-02]\n",
      "   [ 1.36873385e-01  2.56633395e-01  0.00000000e+00 ...  0.00000000e+00\n",
      "     7.28401095e-02  7.28401095e-02]\n",
      "   [ 0.00000000e+00  0.00000000e+00  2.56683986e-01 ...  0.00000000e+00\n",
      "     4.31977376e-02 -4.31977376e-02]\n",
      "   ...\n",
      "   [ 0.00000000e+00  0.00000000e+00  0.00000000e+00 ...  2.56683986e-01\n",
      "     0.00000000e+00  0.00000000e+00]\n",
      "   [ 2.23092361e-02  7.28401095e-02  4.31977376e-02 ...  0.00000000e+00\n",
      "     1.11191807e-01  2.48476139e-02]\n",
      "   [ 2.23092361e-02  7.28401095e-02 -4.31977376e-02 ...  0.00000000e+00\n",
      "     2.48476139e-02  1.11191807e-01]]\n",
      "\n",
      "  [[ 0.00000000e+00  0.00000000e+00  2.44774123e-02 ...  0.00000000e+00\n",
      "     8.07385153e-04 -8.07385153e-04]\n",
      "   [ 0.00000000e+00  0.00000000e+00  3.78086074e-02 ...  0.00000000e+00\n",
      "     4.31716335e-03 -4.31716335e-03]\n",
      "   [ 2.44774123e-02  3.78086074e-02  0.00000000e+00 ...  0.00000000e+00\n",
      "     9.64472945e-03  9.64472945e-03]\n",
      "   ...\n",
      "   [ 0.00000000e+00  0.00000000e+00  0.00000000e+00 ...  0.00000000e+00\n",
      "     0.00000000e+00  0.00000000e+00]\n",
      "   [ 8.07385153e-04  4.31716335e-03  9.64472945e-03 ...  0.00000000e+00\n",
      "     8.11542970e-03  0.00000000e+00]\n",
      "   [-8.07385153e-04 -4.31716335e-03  9.64472945e-03 ...  0.00000000e+00\n",
      "     0.00000000e+00 -8.11542970e-03]]\n",
      "\n",
      "  ...\n",
      "\n",
      "  [[ 0.00000000e+00  0.00000000e+00  0.00000000e+00 ...  2.44774123e-02\n",
      "     0.00000000e+00  0.00000000e+00]\n",
      "   [ 0.00000000e+00  0.00000000e+00  0.00000000e+00 ...  3.78086074e-02\n",
      "     0.00000000e+00  0.00000000e+00]\n",
      "   [ 0.00000000e+00  0.00000000e+00  0.00000000e+00 ...  0.00000000e+00\n",
      "     0.00000000e+00  0.00000000e+00]\n",
      "   ...\n",
      "   [ 2.44774123e-02  3.78086074e-02  0.00000000e+00 ...  0.00000000e+00\n",
      "     7.41133258e-03  7.41133258e-03]\n",
      "   [ 0.00000000e+00  0.00000000e+00  0.00000000e+00 ...  7.41133258e-03\n",
      "     0.00000000e+00  0.00000000e+00]\n",
      "   [ 0.00000000e+00  0.00000000e+00  0.00000000e+00 ...  7.41133258e-03\n",
      "     0.00000000e+00  0.00000000e+00]]\n",
      "\n",
      "  [[ 1.21785349e-01  2.23092361e-02  8.07385153e-04 ...  0.00000000e+00\n",
      "     3.68310796e-03  3.62634704e-03]\n",
      "   [ 2.23092361e-02  4.16116223e-02  1.51911303e-03 ...  0.00000000e+00\n",
      "     1.21216174e-02  1.17380860e-02]\n",
      "   [ 8.07385153e-04  1.51911303e-03  4.16859450e-02 ...  0.00000000e+00\n",
      "     7.48764165e-03 -6.66161194e-03]\n",
      "   ...\n",
      "   [ 0.00000000e+00  0.00000000e+00  0.00000000e+00 ...  4.15299858e-02\n",
      "     0.00000000e+00  0.00000000e+00]\n",
      "   [ 3.68310796e-03  1.21216174e-02  7.48764165e-03 ...  0.00000000e+00\n",
      "     1.86410854e-02  4.09176746e-03]\n",
      "   [ 3.62634704e-03  1.17380860e-02 -6.66161194e-03 ...  0.00000000e+00\n",
      "     4.09176746e-03  1.78909304e-02]]\n",
      "\n",
      "  [[ 1.21785349e-01  2.23092361e-02 -8.07385153e-04 ...  0.00000000e+00\n",
      "     3.62634704e-03  3.68310796e-03]\n",
      "   [ 2.23092361e-02  4.16116223e-02 -1.51911303e-03 ...  0.00000000e+00\n",
      "     1.17380860e-02  1.21216174e-02]\n",
      "   [-8.07385153e-04 -1.51911303e-03  4.16859450e-02 ...  0.00000000e+00\n",
      "     6.66161194e-03 -7.48764165e-03]\n",
      "   ...\n",
      "   [ 0.00000000e+00  0.00000000e+00  0.00000000e+00 ...  4.15299858e-02\n",
      "     0.00000000e+00  0.00000000e+00]\n",
      "   [ 3.62634704e-03  1.17380860e-02  6.66161194e-03 ...  0.00000000e+00\n",
      "     1.78909304e-02  4.09176746e-03]\n",
      "   [ 3.68310796e-03  1.21216174e-02 -7.48764165e-03 ...  0.00000000e+00\n",
      "     4.09176746e-03  1.86410854e-02]]]\n",
      "\n",
      "\n",
      " [[[ 7.41380352e-01  1.36873385e-01  0.00000000e+00 ...  0.00000000e+00\n",
      "     2.23092361e-02  2.23092361e-02]\n",
      "   [ 1.36873385e-01  2.56633395e-01  0.00000000e+00 ...  0.00000000e+00\n",
      "     7.28401095e-02  7.28401095e-02]\n",
      "   [ 0.00000000e+00  0.00000000e+00  2.56683986e-01 ...  0.00000000e+00\n",
      "     4.31977376e-02 -4.31977376e-02]\n",
      "   ...\n",
      "   [ 0.00000000e+00  0.00000000e+00  0.00000000e+00 ...  2.56683986e-01\n",
      "     0.00000000e+00  0.00000000e+00]\n",
      "   [ 2.23092361e-02  7.28401095e-02  4.31977376e-02 ...  0.00000000e+00\n",
      "     1.11191807e-01  2.48476139e-02]\n",
      "   [ 2.23092361e-02  7.28401095e-02 -4.31977376e-02 ...  0.00000000e+00\n",
      "     2.48476139e-02  1.11191807e-01]]\n",
      "\n",
      "  [[ 1.11894687e+00  2.56633395e-01  0.00000000e+00 ...  0.00000000e+00\n",
      "     4.16116223e-02  4.16116223e-02]\n",
      "   [ 2.56633395e-01  8.17206322e-01  0.00000000e+00 ...  0.00000000e+00\n",
      "     2.58884491e-01  2.58884491e-01]\n",
      "   [ 0.00000000e+00  0.00000000e+00  8.17022605e-01 ...  0.00000000e+00\n",
      "     1.63910454e-01 -1.63910454e-01]\n",
      "   ...\n",
      "   [ 0.00000000e+00  0.00000000e+00  0.00000000e+00 ...  8.17022605e-01\n",
      "     0.00000000e+00  0.00000000e+00]\n",
      "   [ 4.16116223e-02  2.58884491e-01  1.63910454e-01 ...  0.00000000e+00\n",
      "     4.54660662e-01  9.61930875e-02]\n",
      "   [ 4.16116223e-02  2.58884491e-01 -1.63910454e-01 ...  0.00000000e+00\n",
      "     9.61930875e-02  4.54660662e-01]]\n",
      "\n",
      "  [[ 0.00000000e+00  0.00000000e+00  3.78086074e-02 ...  0.00000000e+00\n",
      "     1.51911303e-03 -1.51911303e-03]\n",
      "   [ 0.00000000e+00  0.00000000e+00  1.80518392e-01 ...  0.00000000e+00\n",
      "     3.37745909e-02 -3.37745909e-02]\n",
      "   [ 3.78086074e-02  1.80518392e-01  0.00000000e+00 ...  0.00000000e+00\n",
      "     6.40121187e-02  6.40121187e-02]\n",
      "   ...\n",
      "   [ 0.00000000e+00  0.00000000e+00  0.00000000e+00 ...  0.00000000e+00\n",
      "     0.00000000e+00  0.00000000e+00]\n",
      "   [ 1.51911303e-03  3.37745909e-02  6.40121187e-02 ...  0.00000000e+00\n",
      "     8.88502401e-02  0.00000000e+00]\n",
      "   [-1.51911303e-03 -3.37745909e-02  6.40121187e-02 ...  0.00000000e+00\n",
      "     0.00000000e+00 -8.88502401e-02]]\n",
      "\n",
      "  ...\n",
      "\n",
      "  [[ 0.00000000e+00  0.00000000e+00  0.00000000e+00 ...  3.78086074e-02\n",
      "     0.00000000e+00  0.00000000e+00]\n",
      "   [ 0.00000000e+00  0.00000000e+00  0.00000000e+00 ...  1.80518392e-01\n",
      "     0.00000000e+00  0.00000000e+00]\n",
      "   [ 0.00000000e+00  0.00000000e+00  0.00000000e+00 ...  0.00000000e+00\n",
      "     0.00000000e+00  0.00000000e+00]\n",
      "   ...\n",
      "   [ 3.78086074e-02  1.80518392e-01  0.00000000e+00 ...  0.00000000e+00\n",
      "     4.39045469e-02  4.39045469e-02]\n",
      "   [ 0.00000000e+00  0.00000000e+00  0.00000000e+00 ...  4.39045469e-02\n",
      "     0.00000000e+00  0.00000000e+00]\n",
      "   [ 0.00000000e+00  0.00000000e+00  0.00000000e+00 ...  4.39045469e-02\n",
      "     0.00000000e+00  0.00000000e+00]]\n",
      "\n",
      "  [[ 3.13334133e-01  7.28401095e-02  4.31716335e-03 ...  0.00000000e+00\n",
      "     1.21216174e-02  1.17380860e-02]\n",
      "   [ 7.28401095e-02  2.58884491e-01  3.37745909e-02 ...  0.00000000e+00\n",
      "     1.03816561e-01  8.28053119e-02]\n",
      "   [ 4.31716335e-03  3.37745909e-02  2.62635422e-01 ...  0.00000000e+00\n",
      "     7.98762221e-02 -4.42416911e-02]\n",
      "   ...\n",
      "   [ 0.00000000e+00  0.00000000e+00  0.00000000e+00 ...  2.54355025e-01\n",
      "     0.00000000e+00  0.00000000e+00]\n",
      "   [ 1.21216174e-02  1.03816561e-01  7.98762221e-02 ...  0.00000000e+00\n",
      "     2.35420951e-01  3.84154866e-02]\n",
      "   [ 1.17380860e-02  8.28053119e-02 -4.42416911e-02 ...  0.00000000e+00\n",
      "     3.84154866e-02  1.51924587e-01]]\n",
      "\n",
      "  [[ 3.13334133e-01  7.28401095e-02 -4.31716335e-03 ...  0.00000000e+00\n",
      "     1.17380860e-02  1.21216174e-02]\n",
      "   [ 7.28401095e-02  2.58884491e-01 -3.37745909e-02 ...  0.00000000e+00\n",
      "     8.28053119e-02  1.03816561e-01]\n",
      "   [-4.31716335e-03 -3.37745909e-02  2.62635422e-01 ...  0.00000000e+00\n",
      "     4.42416911e-02 -7.98762221e-02]\n",
      "   ...\n",
      "   [ 0.00000000e+00  0.00000000e+00  0.00000000e+00 ...  2.54355025e-01\n",
      "     0.00000000e+00  0.00000000e+00]\n",
      "   [ 1.17380860e-02  8.28053119e-02  4.42416911e-02 ...  0.00000000e+00\n",
      "     1.51924587e-01  3.84154866e-02]\n",
      "   [ 1.21216174e-02  1.03816561e-01 -7.98762221e-02 ...  0.00000000e+00\n",
      "     3.84154866e-02  2.35420951e-01]]]\n",
      "\n",
      "\n",
      " [[[ 0.00000000e+00  0.00000000e+00  2.44774123e-02 ...  0.00000000e+00\n",
      "     8.07385153e-04 -8.07385153e-04]\n",
      "   [ 0.00000000e+00  0.00000000e+00  3.78086074e-02 ...  0.00000000e+00\n",
      "     4.31716335e-03 -4.31716335e-03]\n",
      "   [ 2.44774123e-02  3.78086074e-02  0.00000000e+00 ...  0.00000000e+00\n",
      "     9.64472945e-03  9.64472945e-03]\n",
      "   ...\n",
      "   [ 0.00000000e+00  0.00000000e+00  0.00000000e+00 ...  0.00000000e+00\n",
      "     0.00000000e+00  0.00000000e+00]\n",
      "   [ 8.07385153e-04  4.31716335e-03  9.64472945e-03 ...  0.00000000e+00\n",
      "     8.11542970e-03  0.00000000e+00]\n",
      "   [-8.07385153e-04 -4.31716335e-03  9.64472945e-03 ...  0.00000000e+00\n",
      "     0.00000000e+00 -8.11542970e-03]]\n",
      "\n",
      "  [[ 0.00000000e+00  0.00000000e+00  3.78086074e-02 ...  0.00000000e+00\n",
      "     1.51911303e-03 -1.51911303e-03]\n",
      "   [ 0.00000000e+00  0.00000000e+00  1.80518392e-01 ...  0.00000000e+00\n",
      "     3.37745909e-02 -3.37745909e-02]\n",
      "   [ 3.78086074e-02  1.80518392e-01  0.00000000e+00 ...  0.00000000e+00\n",
      "     6.40121187e-02  6.40121187e-02]\n",
      "   ...\n",
      "   [ 0.00000000e+00  0.00000000e+00  0.00000000e+00 ...  0.00000000e+00\n",
      "     0.00000000e+00  0.00000000e+00]\n",
      "   [ 1.51911303e-03  3.37745909e-02  6.40121187e-02 ...  0.00000000e+00\n",
      "     8.88502401e-02  0.00000000e+00]\n",
      "   [-1.51911303e-03 -3.37745909e-02  6.40121187e-02 ...  0.00000000e+00\n",
      "     0.00000000e+00 -8.88502401e-02]]\n",
      "\n",
      "  [[ 1.11581381e+00  2.56683986e-01  0.00000000e+00 ...  0.00000000e+00\n",
      "     4.16859450e-02  4.16859450e-02]\n",
      "   [ 2.56683986e-01  8.17022605e-01  0.00000000e+00 ...  0.00000000e+00\n",
      "     2.62635422e-01  2.62635422e-01]\n",
      "   [ 0.00000000e+00  0.00000000e+00  8.80159093e-01 ...  0.00000000e+00\n",
      "     1.75365428e-01 -1.75365428e-01]\n",
      "   ...\n",
      "   [ 0.00000000e+00  0.00000000e+00  0.00000000e+00 ...  7.85270203e-01\n",
      "     0.00000000e+00  0.00000000e+00]\n",
      "   [ 4.16859450e-02  2.62635422e-01  1.75365428e-01 ...  0.00000000e+00\n",
      "     4.69762104e-01  9.58068223e-02]\n",
      "   [ 4.16859450e-02  2.62635422e-01 -1.75365428e-01 ...  0.00000000e+00\n",
      "     9.58068223e-02  4.69762104e-01]]\n",
      "\n",
      "  ...\n",
      "\n",
      "  [[ 0.00000000e+00  0.00000000e+00  0.00000000e+00 ...  0.00000000e+00\n",
      "     0.00000000e+00  0.00000000e+00]\n",
      "   [ 0.00000000e+00  0.00000000e+00  0.00000000e+00 ...  0.00000000e+00\n",
      "     0.00000000e+00  0.00000000e+00]\n",
      "   [ 0.00000000e+00  0.00000000e+00  0.00000000e+00 ...  4.74444451e-02\n",
      "     0.00000000e+00  0.00000000e+00]\n",
      "   ...\n",
      "   [ 0.00000000e+00  0.00000000e+00  4.74444451e-02 ...  0.00000000e+00\n",
      "     6.91149757e-03 -6.91149757e-03]\n",
      "   [ 0.00000000e+00  0.00000000e+00  0.00000000e+00 ...  6.91149757e-03\n",
      "     0.00000000e+00  0.00000000e+00]\n",
      "   [ 0.00000000e+00  0.00000000e+00  0.00000000e+00 ... -6.91149757e-03\n",
      "     0.00000000e+00  0.00000000e+00]]\n",
      "\n",
      "  [[ 1.83538575e-01  4.31977376e-02  9.64472945e-03 ...  0.00000000e+00\n",
      "     7.48764165e-03  6.66161194e-03]\n",
      "   [ 4.31977376e-02  1.63910454e-01  6.40121187e-02 ...  0.00000000e+00\n",
      "     7.98762221e-02  4.42416911e-02]\n",
      "   [ 9.64472945e-03  6.40121187e-02  1.75365428e-01 ...  0.00000000e+00\n",
      "     7.51032176e-02 -1.30997388e-02]\n",
      "   ...\n",
      "   [ 0.00000000e+00  0.00000000e+00  0.00000000e+00 ...  1.56572545e-01\n",
      "     0.00000000e+00  0.00000000e+00]\n",
      "   [ 7.48764165e-03  7.98762221e-02  7.51032176e-02 ...  0.00000000e+00\n",
      "     2.06690042e-01  2.56851975e-02]\n",
      "   [ 6.66161194e-03  4.42416911e-02 -1.30997388e-02 ...  0.00000000e+00\n",
      "     2.56851975e-02  7.36154228e-02]]\n",
      "\n",
      "  [[-1.83538575e-01 -4.31977376e-02  9.64472945e-03 ...  0.00000000e+00\n",
      "    -6.66161194e-03 -7.48764165e-03]\n",
      "   [-4.31977376e-02 -1.63910454e-01  6.40121187e-02 ...  0.00000000e+00\n",
      "    -4.42416911e-02 -7.98762221e-02]\n",
      "   [ 9.64472945e-03  6.40121187e-02 -1.75365428e-01 ...  0.00000000e+00\n",
      "    -1.30997388e-02  7.51032176e-02]\n",
      "   ...\n",
      "   [ 0.00000000e+00  0.00000000e+00  0.00000000e+00 ... -1.56572545e-01\n",
      "     0.00000000e+00  0.00000000e+00]\n",
      "   [-6.66161194e-03 -4.42416911e-02 -1.30997388e-02 ...  0.00000000e+00\n",
      "    -7.36154228e-02 -2.56851975e-02]\n",
      "   [-7.48764165e-03 -7.98762221e-02  7.51032176e-02 ...  0.00000000e+00\n",
      "    -2.56851975e-02 -2.06690042e-01]]]\n",
      "\n",
      "\n",
      " ...\n",
      "\n",
      "\n",
      " [[[ 0.00000000e+00  0.00000000e+00  0.00000000e+00 ...  2.44774123e-02\n",
      "     0.00000000e+00  0.00000000e+00]\n",
      "   [ 0.00000000e+00  0.00000000e+00  0.00000000e+00 ...  3.78086074e-02\n",
      "     0.00000000e+00  0.00000000e+00]\n",
      "   [ 0.00000000e+00  0.00000000e+00  0.00000000e+00 ...  0.00000000e+00\n",
      "     0.00000000e+00  0.00000000e+00]\n",
      "   ...\n",
      "   [ 2.44774123e-02  3.78086074e-02  0.00000000e+00 ...  0.00000000e+00\n",
      "     7.41133258e-03  7.41133258e-03]\n",
      "   [ 0.00000000e+00  0.00000000e+00  0.00000000e+00 ...  7.41133258e-03\n",
      "     0.00000000e+00  0.00000000e+00]\n",
      "   [ 0.00000000e+00  0.00000000e+00  0.00000000e+00 ...  7.41133258e-03\n",
      "     0.00000000e+00  0.00000000e+00]]\n",
      "\n",
      "  [[ 0.00000000e+00  0.00000000e+00  0.00000000e+00 ...  3.78086074e-02\n",
      "     0.00000000e+00  0.00000000e+00]\n",
      "   [ 0.00000000e+00  0.00000000e+00  0.00000000e+00 ...  1.80518392e-01\n",
      "     0.00000000e+00  0.00000000e+00]\n",
      "   [ 0.00000000e+00  0.00000000e+00  0.00000000e+00 ...  0.00000000e+00\n",
      "     0.00000000e+00  0.00000000e+00]\n",
      "   ...\n",
      "   [ 3.78086074e-02  1.80518392e-01  0.00000000e+00 ...  0.00000000e+00\n",
      "     4.39045469e-02  4.39045469e-02]\n",
      "   [ 0.00000000e+00  0.00000000e+00  0.00000000e+00 ...  4.39045469e-02\n",
      "     0.00000000e+00  0.00000000e+00]\n",
      "   [ 0.00000000e+00  0.00000000e+00  0.00000000e+00 ...  4.39045469e-02\n",
      "     0.00000000e+00  0.00000000e+00]]\n",
      "\n",
      "  [[ 0.00000000e+00  0.00000000e+00  0.00000000e+00 ...  0.00000000e+00\n",
      "     0.00000000e+00  0.00000000e+00]\n",
      "   [ 0.00000000e+00  0.00000000e+00  0.00000000e+00 ...  0.00000000e+00\n",
      "     0.00000000e+00  0.00000000e+00]\n",
      "   [ 0.00000000e+00  0.00000000e+00  0.00000000e+00 ...  4.74444451e-02\n",
      "     0.00000000e+00  0.00000000e+00]\n",
      "   ...\n",
      "   [ 0.00000000e+00  0.00000000e+00  4.74444451e-02 ...  0.00000000e+00\n",
      "     6.91149757e-03 -6.91149757e-03]\n",
      "   [ 0.00000000e+00  0.00000000e+00  0.00000000e+00 ...  6.91149757e-03\n",
      "     0.00000000e+00  0.00000000e+00]\n",
      "   [ 0.00000000e+00  0.00000000e+00  0.00000000e+00 ... -6.91149757e-03\n",
      "     0.00000000e+00  0.00000000e+00]]\n",
      "\n",
      "  ...\n",
      "\n",
      "  [[ 1.11581381e+00  2.56683986e-01  0.00000000e+00 ...  0.00000000e+00\n",
      "     4.15299858e-02  4.15299858e-02]\n",
      "   [ 2.56683986e-01  8.17022605e-01  0.00000000e+00 ...  0.00000000e+00\n",
      "     2.54355025e-01  2.54355025e-01]\n",
      "   [ 0.00000000e+00  0.00000000e+00  7.85270203e-01 ...  0.00000000e+00\n",
      "     1.56572545e-01 -1.56572545e-01]\n",
      "   ...\n",
      "   [ 0.00000000e+00  0.00000000e+00  0.00000000e+00 ...  8.80159093e-01\n",
      "     0.00000000e+00  0.00000000e+00]\n",
      "   [ 4.15299858e-02  2.54355025e-01  1.56572545e-01 ...  0.00000000e+00\n",
      "     4.36750211e-01  9.39037927e-02]\n",
      "   [ 4.15299858e-02  2.54355025e-01 -1.56572545e-01 ...  0.00000000e+00\n",
      "     9.39037927e-02  4.36750211e-01]]\n",
      "\n",
      "  [[ 0.00000000e+00  0.00000000e+00  0.00000000e+00 ...  7.41133258e-03\n",
      "     0.00000000e+00  0.00000000e+00]\n",
      "   [ 0.00000000e+00  0.00000000e+00  0.00000000e+00 ...  4.39045469e-02\n",
      "     0.00000000e+00  0.00000000e+00]\n",
      "   [ 0.00000000e+00  0.00000000e+00  0.00000000e+00 ...  6.91149757e-03\n",
      "     0.00000000e+00  0.00000000e+00]\n",
      "   ...\n",
      "   [ 7.41133258e-03  4.39045469e-02  6.91149757e-03 ...  0.00000000e+00\n",
      "     1.43566767e-02  1.10338920e-02]\n",
      "   [ 0.00000000e+00  0.00000000e+00  0.00000000e+00 ...  1.43566767e-02\n",
      "     0.00000000e+00  0.00000000e+00]\n",
      "   [ 0.00000000e+00  0.00000000e+00  0.00000000e+00 ...  1.10338920e-02\n",
      "     0.00000000e+00  0.00000000e+00]]\n",
      "\n",
      "  [[ 0.00000000e+00  0.00000000e+00  0.00000000e+00 ...  7.41133258e-03\n",
      "     0.00000000e+00  0.00000000e+00]\n",
      "   [ 0.00000000e+00  0.00000000e+00  0.00000000e+00 ...  4.39045469e-02\n",
      "     0.00000000e+00  0.00000000e+00]\n",
      "   [ 0.00000000e+00  0.00000000e+00  0.00000000e+00 ... -6.91149757e-03\n",
      "     0.00000000e+00  0.00000000e+00]\n",
      "   ...\n",
      "   [ 7.41133258e-03  4.39045469e-02 -6.91149757e-03 ...  0.00000000e+00\n",
      "     1.10338920e-02  1.43566767e-02]\n",
      "   [ 0.00000000e+00  0.00000000e+00  0.00000000e+00 ...  1.10338920e-02\n",
      "     0.00000000e+00  0.00000000e+00]\n",
      "   [ 0.00000000e+00  0.00000000e+00  0.00000000e+00 ...  1.43566767e-02\n",
      "     0.00000000e+00  0.00000000e+00]]]\n",
      "\n",
      "\n",
      " [[[ 1.21785349e-01  2.23092361e-02  8.07385153e-04 ...  0.00000000e+00\n",
      "     3.68310796e-03  3.62634704e-03]\n",
      "   [ 2.23092361e-02  4.16116223e-02  1.51911303e-03 ...  0.00000000e+00\n",
      "     1.21216174e-02  1.17380860e-02]\n",
      "   [ 8.07385153e-04  1.51911303e-03  4.16859450e-02 ...  0.00000000e+00\n",
      "     7.48764165e-03 -6.66161194e-03]\n",
      "   ...\n",
      "   [ 0.00000000e+00  0.00000000e+00  0.00000000e+00 ...  4.15299858e-02\n",
      "     0.00000000e+00  0.00000000e+00]\n",
      "   [ 3.68310796e-03  1.21216174e-02  7.48764165e-03 ...  0.00000000e+00\n",
      "     1.86410854e-02  4.09176746e-03]\n",
      "   [ 3.62634704e-03  1.17380860e-02 -6.66161194e-03 ...  0.00000000e+00\n",
      "     4.09176746e-03  1.78909304e-02]]\n",
      "\n",
      "  [[ 3.13334133e-01  7.28401095e-02  4.31716335e-03 ...  0.00000000e+00\n",
      "     1.21216174e-02  1.17380860e-02]\n",
      "   [ 7.28401095e-02  2.58884491e-01  3.37745909e-02 ...  0.00000000e+00\n",
      "     1.03816561e-01  8.28053119e-02]\n",
      "   [ 4.31716335e-03  3.37745909e-02  2.62635422e-01 ...  0.00000000e+00\n",
      "     7.98762221e-02 -4.42416911e-02]\n",
      "   ...\n",
      "   [ 0.00000000e+00  0.00000000e+00  0.00000000e+00 ...  2.54355025e-01\n",
      "     0.00000000e+00  0.00000000e+00]\n",
      "   [ 1.21216174e-02  1.03816561e-01  7.98762221e-02 ...  0.00000000e+00\n",
      "     2.35420951e-01  3.84154866e-02]\n",
      "   [ 1.17380860e-02  8.28053119e-02 -4.42416911e-02 ...  0.00000000e+00\n",
      "     3.84154866e-02  1.51924587e-01]]\n",
      "\n",
      "  [[ 1.83538575e-01  4.31977376e-02  9.64472945e-03 ...  0.00000000e+00\n",
      "     7.48764165e-03  6.66161194e-03]\n",
      "   [ 4.31977376e-02  1.63910454e-01  6.40121187e-02 ...  0.00000000e+00\n",
      "     7.98762221e-02  4.42416911e-02]\n",
      "   [ 9.64472945e-03  6.40121187e-02  1.75365428e-01 ...  0.00000000e+00\n",
      "     7.51032176e-02 -1.30997388e-02]\n",
      "   ...\n",
      "   [ 0.00000000e+00  0.00000000e+00  0.00000000e+00 ...  1.56572545e-01\n",
      "     0.00000000e+00  0.00000000e+00]\n",
      "   [ 7.48764165e-03  7.98762221e-02  7.51032176e-02 ...  0.00000000e+00\n",
      "     2.06690042e-01  2.56851975e-02]\n",
      "   [ 6.66161194e-03  4.42416911e-02 -1.30997388e-02 ...  0.00000000e+00\n",
      "     2.56851975e-02  7.36154228e-02]]\n",
      "\n",
      "  ...\n",
      "\n",
      "  [[ 0.00000000e+00  0.00000000e+00  0.00000000e+00 ...  7.41133258e-03\n",
      "     0.00000000e+00  0.00000000e+00]\n",
      "   [ 0.00000000e+00  0.00000000e+00  0.00000000e+00 ...  4.39045469e-02\n",
      "     0.00000000e+00  0.00000000e+00]\n",
      "   [ 0.00000000e+00  0.00000000e+00  0.00000000e+00 ...  6.91149757e-03\n",
      "     0.00000000e+00  0.00000000e+00]\n",
      "   ...\n",
      "   [ 7.41133258e-03  4.39045469e-02  6.91149757e-03 ...  0.00000000e+00\n",
      "     1.43566767e-02  1.10338920e-02]\n",
      "   [ 0.00000000e+00  0.00000000e+00  0.00000000e+00 ...  1.43566767e-02\n",
      "     0.00000000e+00  0.00000000e+00]\n",
      "   [ 0.00000000e+00  0.00000000e+00  0.00000000e+00 ...  1.10338920e-02\n",
      "     0.00000000e+00  0.00000000e+00]]\n",
      "\n",
      "  [[ 4.70723326e-01  1.11191807e-01  8.11542970e-03 ...  0.00000000e+00\n",
      "     1.86410854e-02  1.78909304e-02]\n",
      "   [ 1.11191807e-01  4.54660662e-01  8.88502401e-02 ...  0.00000000e+00\n",
      "     2.35420951e-01  1.51924587e-01]\n",
      "   [ 8.11542970e-03  8.88502401e-02  4.69762104e-01 ...  0.00000000e+00\n",
      "     2.06690042e-01 -7.36154228e-02]\n",
      "   ...\n",
      "   [ 0.00000000e+00  0.00000000e+00  0.00000000e+00 ...  4.36750211e-01\n",
      "     0.00000000e+00  0.00000000e+00]\n",
      "   [ 1.86410854e-02  2.35420951e-01  2.06690042e-01 ...  0.00000000e+00\n",
      "     7.74605944e-01  9.13537068e-02]\n",
      "   [ 1.78909304e-02  1.51924587e-01 -7.36154228e-02 ...  0.00000000e+00\n",
      "     9.13537068e-02  3.02537911e-01]]\n",
      "\n",
      "  [[ 1.05864444e-01  2.48476139e-02  0.00000000e+00 ...  0.00000000e+00\n",
      "     4.09176746e-03  4.09176746e-03]\n",
      "   [ 2.48476139e-02  9.61930875e-02  0.00000000e+00 ...  0.00000000e+00\n",
      "     3.84154866e-02  3.84154866e-02]\n",
      "   [ 0.00000000e+00  0.00000000e+00  9.58068223e-02 ...  0.00000000e+00\n",
      "     2.56851975e-02 -2.56851975e-02]\n",
      "   ...\n",
      "   [ 0.00000000e+00  0.00000000e+00  0.00000000e+00 ...  9.39037927e-02\n",
      "     0.00000000e+00  0.00000000e+00]\n",
      "   [ 4.09176746e-03  3.84154866e-02  2.56851975e-02 ...  0.00000000e+00\n",
      "     9.13537068e-02  1.78613269e-02]\n",
      "   [ 4.09176746e-03  3.84154866e-02 -2.56851975e-02 ...  0.00000000e+00\n",
      "     1.78613269e-02  9.13537068e-02]]]\n",
      "\n",
      "\n",
      " [[[ 1.21785349e-01  2.23092361e-02 -8.07385153e-04 ...  0.00000000e+00\n",
      "     3.62634704e-03  3.68310796e-03]\n",
      "   [ 2.23092361e-02  4.16116223e-02 -1.51911303e-03 ...  0.00000000e+00\n",
      "     1.17380860e-02  1.21216174e-02]\n",
      "   [-8.07385153e-04 -1.51911303e-03  4.16859450e-02 ...  0.00000000e+00\n",
      "     6.66161194e-03 -7.48764165e-03]\n",
      "   ...\n",
      "   [ 0.00000000e+00  0.00000000e+00  0.00000000e+00 ...  4.15299858e-02\n",
      "     0.00000000e+00  0.00000000e+00]\n",
      "   [ 3.62634704e-03  1.17380860e-02  6.66161194e-03 ...  0.00000000e+00\n",
      "     1.78909304e-02  4.09176746e-03]\n",
      "   [ 3.68310796e-03  1.21216174e-02 -7.48764165e-03 ...  0.00000000e+00\n",
      "     4.09176746e-03  1.86410854e-02]]\n",
      "\n",
      "  [[ 3.13334133e-01  7.28401095e-02 -4.31716335e-03 ...  0.00000000e+00\n",
      "     1.17380860e-02  1.21216174e-02]\n",
      "   [ 7.28401095e-02  2.58884491e-01 -3.37745909e-02 ...  0.00000000e+00\n",
      "     8.28053119e-02  1.03816561e-01]\n",
      "   [-4.31716335e-03 -3.37745909e-02  2.62635422e-01 ...  0.00000000e+00\n",
      "     4.42416911e-02 -7.98762221e-02]\n",
      "   ...\n",
      "   [ 0.00000000e+00  0.00000000e+00  0.00000000e+00 ...  2.54355025e-01\n",
      "     0.00000000e+00  0.00000000e+00]\n",
      "   [ 1.17380860e-02  8.28053119e-02  4.42416911e-02 ...  0.00000000e+00\n",
      "     1.51924587e-01  3.84154866e-02]\n",
      "   [ 1.21216174e-02  1.03816561e-01 -7.98762221e-02 ...  0.00000000e+00\n",
      "     3.84154866e-02  2.35420951e-01]]\n",
      "\n",
      "  [[-1.83538575e-01 -4.31977376e-02  9.64472945e-03 ...  0.00000000e+00\n",
      "    -6.66161194e-03 -7.48764165e-03]\n",
      "   [-4.31977376e-02 -1.63910454e-01  6.40121187e-02 ...  0.00000000e+00\n",
      "    -4.42416911e-02 -7.98762221e-02]\n",
      "   [ 9.64472945e-03  6.40121187e-02 -1.75365428e-01 ...  0.00000000e+00\n",
      "    -1.30997388e-02  7.51032176e-02]\n",
      "   ...\n",
      "   [ 0.00000000e+00  0.00000000e+00  0.00000000e+00 ... -1.56572545e-01\n",
      "     0.00000000e+00  0.00000000e+00]\n",
      "   [-6.66161194e-03 -4.42416911e-02 -1.30997388e-02 ...  0.00000000e+00\n",
      "    -7.36154228e-02 -2.56851975e-02]\n",
      "   [-7.48764165e-03 -7.98762221e-02  7.51032176e-02 ...  0.00000000e+00\n",
      "    -2.56851975e-02 -2.06690042e-01]]\n",
      "\n",
      "  ...\n",
      "\n",
      "  [[ 0.00000000e+00  0.00000000e+00  0.00000000e+00 ...  7.41133258e-03\n",
      "     0.00000000e+00  0.00000000e+00]\n",
      "   [ 0.00000000e+00  0.00000000e+00  0.00000000e+00 ...  4.39045469e-02\n",
      "     0.00000000e+00  0.00000000e+00]\n",
      "   [ 0.00000000e+00  0.00000000e+00  0.00000000e+00 ... -6.91149757e-03\n",
      "     0.00000000e+00  0.00000000e+00]\n",
      "   ...\n",
      "   [ 7.41133258e-03  4.39045469e-02 -6.91149757e-03 ...  0.00000000e+00\n",
      "     1.10338920e-02  1.43566767e-02]\n",
      "   [ 0.00000000e+00  0.00000000e+00  0.00000000e+00 ...  1.10338920e-02\n",
      "     0.00000000e+00  0.00000000e+00]\n",
      "   [ 0.00000000e+00  0.00000000e+00  0.00000000e+00 ...  1.43566767e-02\n",
      "     0.00000000e+00  0.00000000e+00]]\n",
      "\n",
      "  [[ 1.05864444e-01  2.48476139e-02  0.00000000e+00 ...  0.00000000e+00\n",
      "     4.09176746e-03  4.09176746e-03]\n",
      "   [ 2.48476139e-02  9.61930875e-02  0.00000000e+00 ...  0.00000000e+00\n",
      "     3.84154866e-02  3.84154866e-02]\n",
      "   [ 0.00000000e+00  0.00000000e+00  9.58068223e-02 ...  0.00000000e+00\n",
      "     2.56851975e-02 -2.56851975e-02]\n",
      "   ...\n",
      "   [ 0.00000000e+00  0.00000000e+00  0.00000000e+00 ...  9.39037927e-02\n",
      "     0.00000000e+00  0.00000000e+00]\n",
      "   [ 4.09176746e-03  3.84154866e-02  2.56851975e-02 ...  0.00000000e+00\n",
      "     9.13537068e-02  1.78613269e-02]\n",
      "   [ 4.09176746e-03  3.84154866e-02 -2.56851975e-02 ...  0.00000000e+00\n",
      "     1.78613269e-02  9.13537068e-02]]\n",
      "\n",
      "  [[ 4.70723326e-01  1.11191807e-01 -8.11542970e-03 ...  0.00000000e+00\n",
      "     1.78909304e-02  1.86410854e-02]\n",
      "   [ 1.11191807e-01  4.54660662e-01 -8.88502401e-02 ...  0.00000000e+00\n",
      "     1.51924587e-01  2.35420951e-01]\n",
      "   [-8.11542970e-03 -8.88502401e-02  4.69762104e-01 ...  0.00000000e+00\n",
      "     7.36154228e-02 -2.06690042e-01]\n",
      "   ...\n",
      "   [ 0.00000000e+00  0.00000000e+00  0.00000000e+00 ...  4.36750211e-01\n",
      "     0.00000000e+00  0.00000000e+00]\n",
      "   [ 1.78909304e-02  1.51924587e-01  7.36154228e-02 ...  0.00000000e+00\n",
      "     3.02537911e-01  9.13537068e-02]\n",
      "   [ 1.86410854e-02  2.35420951e-01 -2.06690042e-01 ...  0.00000000e+00\n",
      "     9.13537068e-02  7.74605944e-01]]]]\n"
     ]
    }
   ],
   "source": [
    "for a in range(d_su):\n",
    "    i = int(eri[a,0]) -1\n",
    "    j = int(eri[a,1]) -1\n",
    "    k = int(eri[a,2]) -1\n",
    "    l = int(eri[a,3]) -1\n",
    "    \n",
    "    eri_matrix[i,j,k,l] = eri[a,4]\n",
    "    twoE[i,j,k,l]=twoE[j,i,k,l]=twoE[i,j,l,k]=twoE[j,i,l,k]=twoE[k,l,i,j]=twoE[l,k,i,j]=twoE[k,l,j,i]=twoE[l,k,j,i]=eri_matrix[i,j,k,l]\n",
    "    \n",
    "print(\"Two-Electron Integrals \\n\",twoE)"
   ]
  },
  {
   "cell_type": "code",
   "execution_count": 15,
   "id": "ace9dfd6",
   "metadata": {},
   "outputs": [
    {
     "name": "stdout",
     "output_type": "stream",
     "text": [
      " S^(-1/2) \n",
      " [[ 1.0236346 -0.1368547 -0.        -0.0074873  0.         0.0190279\n",
      "   0.0190279]\n",
      " [-0.1368547  1.1578632  0.         0.0721601  0.        -0.2223326\n",
      "  -0.2223326]\n",
      " [-0.         0.         1.0733148  0.         0.        -0.1757583\n",
      "   0.1757583]\n",
      " [-0.0074873  0.0721601  0.         1.038305   0.        -0.1184626\n",
      "  -0.1184626]\n",
      " [ 0.         0.         0.         0.         1.         0.\n",
      "   0.       ]\n",
      " [ 0.0190279 -0.2223326 -0.1757583 -0.1184626  0.         1.1297234\n",
      "  -0.0625975]\n",
      " [ 0.0190279 -0.2223326  0.1757583 -0.1184626  0.        -0.0625975\n",
      "   1.1297234]]\n"
     ]
    }
   ],
   "source": [
    "#Construct S^(-1/2)\n",
    "\n",
    "eigen_val , eigen_vec = linalg.eig(S)\n",
    "\n",
    "eigen_val_mat = np.diag(eigen_val)\n",
    "eigen_val_mat\n",
